0.22222629387950235
0.2732822286983241
0.32101435101310805
0.36708022219683056
0.4126015654553369
0.45836604131757963
0.5049571360880198
0.5528394926814209
0.602417480734187
0.6540790653253591
0.7082338640564312
0.7653530023884502
0.8260187125014745
0.8909936420253548
0.961323976349325
1.0384976144737614
1.1246902968542654
1.2231512540605676
1.3388096154927829
1.4792298270696362
1.655139553862714
1.8071147825611684
1.902737157278828
1.9517029024022725
1.9593740764794156
1.9278826161249065
1.856581186509874
1.7419370472198157
1.5768467131221944
1.349226021361754
1.105109108062394
1.105109108062394
1.105109108062394
1.105109108062394
1.105109108062394
1.105109108062394
1.105109108062394
1.105109108062394
1.105109108062394
1.105109108062394
1.105109108062394
1.105109108062394
1.105109108062394
1.105109108062394
1.105109108062394
1.105109108062394
1.105109108062394
1.105109108062394
1.105109108062394
1.105109108062394
0.7137871551524846
0.26219865086420224
0.12333142779396863
0.06373243257843407
0.03736699619879745
0.02849231918302647
0.03234010536340491
0.05135966882040302
0.0971104132698318
0.199056498470438
0.9782748377562412
0.9999437197979434
0.9999997686572606
0.9999999988917967
0.9999999999943375
0.9999999999999704
0.9999999999999999
1.0
1.0
1.0
1.0
1.0
1.0
1.0
1.0
1.0
1.0
1.0
1.0
1.0
1.0
1.0
1.0
1.0
1.0
1.0
1.0
1.0
1.0
1.0
1.0
1.0
1.0
0.9999999999999999
0.9999999999999704
0.9999999999943375
0.9999999988917967
0.9999997686572606
0.9999437197979434
0.9782748377562412
0.1990564984704398
0.09711041326983266
0.05135966882040335
0.03234010536340506
0.028492319183026443
0.03736699619879725
0.06373243257843361
0.1233314277939673
0.2621986508641996
0.7137871551524732
1.105109108062394
1.105109108062394
1.105109108062394
1.105109108062394
1.105109108062394
1.105109108062394
1.105109108062394
1.105109108062394
1.105109108062394
1.105109108062394
1.105109108062394
1.105109108062394
1.105109108062394
1.105109108062394
1.105109108062394
1.105109108062394
1.105109108062394
1.105109108062394
1.105109108062394
1.105109108062394
1.349226021361754
1.5768467131221944
1.7419370472198157
1.856581186509874
1.9278826161249065
1.9593740764794156
1.9517029024022725
1.902737157278828
1.8071147825611684
1.655139553862714
1.4792298270696362
1.3388096154927829
1.2231512540605676
1.1246902968542654
1.0384976144737614
0.961323976349325
0.8909936420253548
0.8260187125014745
0.7653530023884502
0.7082338640564312
0.6540790653253591
0.602417480734187
0.5528394926814209
0.5049571360880198
0.45836604131757963
0.4126015654553369
0.36708022219683056
0.32101435101310805
0.2732822286983241
0.22222629387950235
