0.30186082065575615
0.37650186332635194
0.474217353499364
0.5493083083340867
0.66757362176815
0.7532937105483386
0.9481328186380661
1.0462804841224982
1.2419060947037945
1.4283822216189173
1.7895377482716572
1.803185396490502
1.9461552827511048
1.8776464487283724
1.3581875239604269
1.0432815975158942
1.0432815975158942
1.0432815975158989
1.0432815975158942
1.0432815975158942
1.0432815975158942
1.0432815975158967
1.0432815975158942
1.0432815975158967
1.0432815975158942
0.41963600998243544
0.08248697552348944
0.023527074526477596
0.027173384184278743
0.7952818847454792
0.9338603852435314
0.9886265702090321
1.0383206446895605
1.0188114188129216
0.9474354826341738
1.054616367320658
0.9538249305957763
1.0227632406584457
1.0221193231281709
0.9527874491466451
1.0375291752131024
0.9787059220544073
1.0070919884196305
1.047154360300469
0.971876298157794
0.9580294763744308
0.9804415929727387
1.0699408402908632
0.9924999274959677
0.9315677024264265
0.07823857248782408
0.026619928389768
0.02703531998482791
0.08448286181110855
0.4386135406839363
1.172426580648864
1.1724265806488667
1.172426580648864
1.1724265806488667
1.172426580648864
1.172426580648864
1.172426580648864
1.1724265806488694
1.172426580648864
1.172426580648864
1.3335301976493747
1.8549711396782465
1.8627944612704286
2.0803351909342167
1.6965616212501937
1.429888567933393
1.20789370212988
1.0135811582154175
0.913006657345751
0.7160598548153594
0.6543764122523111
0.5567194441196358
0.44553445825405813
0.3515084852597673
0.29588586437542586
