0.25383487262442145
0.30232836001216773
0.3500215122461617
0.3903433551410763
0.4381604152310767
0.4847441547791779
0.5286273469616218
0.5812260537551627
0.6283250248515015
0.6810893011400414
0.7399757076332012
0.7932186085836938
0.862747757982673
0.9269795913824704
0.9945290543346024
1.0774553944723329
1.16035842935014
1.2675831917690126
1.3706738642871075
1.5181983237689742
1.7414332391568725
1.8691989145810533
1.9230200573727325
1.9827781513675602
1.9323596010180946
1.894697247898557
1.8571422058089215
1.708281486900664
1.5466364465256335
1.2864308311255659
1.0876300817159312
1.0876300817159201
1.0876300817159312
1.0876300817159201
1.0876300817159312
1.0876300817159312
1.0876300817159201
1.0876300817159312
1.0876300817159201
1.0876300817159312
1.087630081715926
1.087630081715926
1.0876300817159312
1.087630081715926
1.087630081715926
1.087630081715926
1.087630081715926
1.0876300817159312
1.087630081715926
1.087630081715926
0.6088464376081419
0.2393245194137516
0.11306463404671012
0.05924177652801193
0.03623177066178047
0.02976849341624442
0.0363385800917851
0.060701980490743705
0.12579371750214002
0.33694277141391155
0.9468058161860231
1.0027629620761864
0.9970999943992778
1.002156949872828
1.0011494243794028
0.9964490338109604
0.9998481429992885
1.002234037990197
0.999459389808147
1.0034636024568762
0.9911059269892653
1.0061098585041532
0.9997629436029227
1.003405541006049
0.9943806849958655
1.0001187244789604
0.997363327989258
1.0092172195485336
0.9922290134811107
1.003733232785187
0.9964402197576171
1.005690697458526
0.998909910327812
1.0002472489658576
1.0000830188380758
0.9992537377358889
0.9945821783279363
1.0084037600997466
0.9898474249865598
1.0134511897253666
0.9949208995340971
1.0030801982782576
0.9955251517981313
0.9994792392980794
1.0004293069944736
0.9993023236724234
1.0037109435384048
0.9967896264401352
0.9985265391469585
0.9486190919000814
0.2475395602636802
0.11222881054426195
0.05729468634722824
0.03472817084677876
0.028885911192569936
0.03579352671968018
0.05908236947870307
0.11310536376333256
0.2396225712702831
0.6118675321123798
1.1428504940277942
1.1428504940277942
1.1428504940278
1.1428504940277942
1.1428504940277942
1.1428504940277942
1.1428504940277942
1.1428504940278
1.1428504940277942
1.1428504940277942
1.1428504940278
1.1428504940277893
1.1428504940278
1.1428504940277893
1.1428504940278
1.1428504940278
1.1428504940277893
1.1428504940278
1.1428504940277893
1.1428504940278
1.3064303641485482
1.5211299802611076
1.7201694868793749
1.8262711859757836
1.9297417344682977
1.9567880010380594
1.9373606710878934
1.941364341565711
1.850124863415458
1.743765620801114
1.5214362956921437
1.3651264860273173
1.257901509980422
1.1606429426861895
1.0751481557818303
0.9964385800933561
0.9211501980999175
0.8567801552211377
0.7939405720125788
0.7378597157881143
0.6797865036307978
0.6260795026630228
0.5764775666145838
0.528725420836833
0.4830855328887705
0.43551937018533765
0.3891284692149507
0.3465991890164835
0.3022350302488409
0.2531037964596721
