0.27986536455910394
0.3765206188132753
0.4596662705368542
0.5593393553298678
0.6751214332324625
0.7714476083424695
0.8984327824133488
1.0446805225914058
1.2084277330942068
1.4007375987393453
1.7873633212820639
2.0449114975334806
1.8740015685108018
1.7350526283512273
1.4366009004869142
1.0852212737659594
1.0852212737659594
1.0852212737659652
1.0852212737659594
1.0852212737659594
1.0852212737659594
1.0852212737659623
1.0852212737659594
1.0852212737659623
1.0852212737659594
0.4277465278453554
0.08554561864681408
0.033261226250506676
0.04269882291606526
0.12085074122107903
0.9709053729790915
0.9983919031503921
1.006722702179199
0.9972823455303907
1.007975891264724
0.9835991416836114
1.0023950042947363
0.9966031485214148
1.002044917437595
1.0155509007927472
0.9841249046248989
1.0199090473241559
0.995565154058441
0.9977851364217488
1.001233322646037
0.9953303376638702
1.0026724443714912
0.9937494781523336
0.9995283195147069
0.9716447724239404
0.31754198980197323
0.06831495757644947
0.03622099669760947
0.08607143914304709
0.42403979498633787
1.1494477423783693
1.1494477423783716
1.1494477423783693
1.1494477423783716
1.1494477423783693
1.1494477423783693
1.1494477423783693
1.1494477423783744
1.1494477423783693
1.1494477423783693
1.3145569541275433
1.7892834931819963
2.0226497240191694
1.8054435028349116
1.8237185414969785
1.4771335716277851
1.1941849236788824
1.0427991293715588
0.9212826643031301
0.7779309293047235
0.6498831308260048
0.5495871134344887
0.46302260017074975
0.3714808276900119
0.27756036476772794
